-- Gui to Lua
-- Version: 3.2

-- Instances:

local ScreenGui = Instance.new("ScreenGui")
local ImageLabel = Instance.new("ImageLabel")
local febypas = Instance.new("TextLabel")
local Frame = Instance.new("Frame")
local ScrollingFrame = Instance.new("ScrollingFrame")
local UIGridLayout = Instance.new("UIGridLayout")
local c00skdiddecalspamf3xgamesonly = Instance.new("TextButton")
local co0lskyf3xgamesonly = Instance.new("TextButton")
local burneverythignf3xgamesonly = Instance.new("TextButton")
local c00lifyf3xgamesonly = Instance.new("TextButton")
local f3xhub = Instance.new("TextButton")
local unancorf3xgamesonly = Instance.new("TextButton")
local notnootf3xgamesonly = Instance.new("TextButton")
local lag = Instance.new("TextButton")
local infiteyield = Instance.new("TextButton")
local praisonlifejohndoescary2019 = Instance.new("TextButton")
local swordgamefuckas = Instance.new("TextButton")
local Shedletskyf3x = Instance.new("TextButton")
local teamflatspamf3x = Instance.new("TextButton")
local scareyanonymousspamSCREAMF3X = Instance.new("TextButton")
local madebyg00donladn = Instance.new("TextLabel")

--Properties:

ScreenGui.Parent = game.Players.LocalPlayer:WaitForChild("PlayerGui")
ScreenGui.ZIndexBehavior = Enum.ZIndexBehavior.Sibling
ScreenGui.ResetOnSpawn = false

ImageLabel.Parent = ScreenGui
ImageLabel.BackgroundColor3 = Color3.fromRGB(255, 255, 255)
ImageLabel.BorderSizePixel = 0
ImageLabel.Position = UDim2.new(0.172638997, 0, 0.172083288, 0)
ImageLabel.Size = UDim2.new(0, 257, 0, 355)
ImageLabel.Image = "rbxassetid://1845221548"

febypas.Name = "febypas."
febypas.Parent = ImageLabel
febypas.BackgroundColor3 = Color3.fromRGB(255, 255, 255)
febypas.Position = UDim2.new(0, 0, -0.00213988405, 0)
febypas.Size = UDim2.new(0, 257, 0, 50)
febypas.ZIndex = 2
febypas.Font = Enum.Font.SourceSans
febypas.Text = "febypas."
febypas.TextColor3 = Color3.fromRGB(0, 0, 0)
febypas.TextScaled = true
febypas.TextSize = 14.000
febypas.TextWrapped = true

Frame.Parent = ImageLabel
Frame.BackgroundColor3 = Color3.fromRGB(255, 255, 255)
Frame.BackgroundTransparency = 1.000
Frame.BorderColor3 = Color3.fromRGB(0, 0, 0)
Frame.BorderSizePixel = 0
Frame.Position = UDim2.new(0, 0, 0.116724335, 0)
Frame.Size = UDim2.new(0, 100, 0, 391)

ScrollingFrame.Parent = Frame
ScrollingFrame.Active = true
ScrollingFrame.BackgroundColor3 = Color3.fromRGB(255, 255, 255)
ScrollingFrame.BackgroundTransparency = 1.000
ScrollingFrame.BorderSizePixel = 0
ScrollingFrame.Position = UDim2.new(0, 0, 0.0199570134, 0)
ScrollingFrame.Size = UDim2.new(0, 256, 0, 255)
ScrollingFrame.CanvasPosition = Vector2.new(0, 150)

UIGridLayout.Parent = ScrollingFrame
UIGridLayout.SortOrder = Enum.SortOrder.LayoutOrder
UIGridLayout.CellSize = UDim2.new(0, 90, 0, 50)

c00skdiddecalspamf3xgamesonly.Name = "c00skdid decal spam (f3x games only)"
c00skdiddecalspamf3xgamesonly.Parent = ScrollingFrame
c00skdiddecalspamf3xgamesonly.BackgroundColor3 = Color3.fromRGB(255, 255, 255)
c00skdiddecalspamf3xgamesonly.Position = UDim2.new(0.01953125, 0, 0, 0)
c00skdiddecalspamf3xgamesonly.Size = UDim2.new(0, 166, 0, 50)
c00skdiddecalspamf3xgamesonly.Font = Enum.Font.SourceSans
c00skdiddecalspamf3xgamesonly.Text = "c00skdid decal spam (f3x games only)"
c00skdiddecalspamf3xgamesonly.TextColor3 = Color3.fromRGB(0, 0, 0)
c00skdiddecalspamf3xgamesonly.TextScaled = true
c00skdiddecalspamf3xgamesonly.TextSize = 14.000
c00skdiddecalspamf3xgamesonly.TextWrapped = true

co0lskyf3xgamesonly.Name = "co0l sky (f3x games only)"
co0lskyf3xgamesonly.Parent = ScrollingFrame
co0lskyf3xgamesonly.BackgroundColor3 = Color3.fromRGB(255, 255, 255)
co0lskyf3xgamesonly.Position = UDim2.new(-0.296875, 0, 0, 0)
co0lskyf3xgamesonly.Size = UDim2.new(0, 166, 0, 50)
co0lskyf3xgamesonly.Font = Enum.Font.SourceSans
co0lskyf3xgamesonly.Text = "co0l sky (f3x games only)"
co0lskyf3xgamesonly.TextColor3 = Color3.fromRGB(0, 0, 0)
co0lskyf3xgamesonly.TextScaled = true
co0lskyf3xgamesonly.TextSize = 14.000
co0lskyf3xgamesonly.TextWrapped = true

burneverythignf3xgamesonly.Name = "burn everythign (f3x games only)"
burneverythignf3xgamesonly.Parent = ScrollingFrame
burneverythignf3xgamesonly.BackgroundColor3 = Color3.fromRGB(255, 255, 255)
burneverythignf3xgamesonly.Position = UDim2.new(-0.296875, 0, 0, 0)
burneverythignf3xgamesonly.Size = UDim2.new(0, 166, 0, 50)
burneverythignf3xgamesonly.Font = Enum.Font.SourceSans
burneverythignf3xgamesonly.Text = "burn everythign (f3x games only)"
burneverythignf3xgamesonly.TextColor3 = Color3.fromRGB(0, 0, 0)
burneverythignf3xgamesonly.TextScaled = true
burneverythignf3xgamesonly.TextSize = 14.000
burneverythignf3xgamesonly.TextWrapped = true

c00lifyf3xgamesonly.Name = "c00lify (f3x games only)"
c00lifyf3xgamesonly.Parent = ScrollingFrame
c00lifyf3xgamesonly.BackgroundColor3 = Color3.fromRGB(255, 255, 255)
c00lifyf3xgamesonly.Position = UDim2.new(-0.296875, 0, 0, 0)
c00lifyf3xgamesonly.Size = UDim2.new(0, 166, 0, 50)
c00lifyf3xgamesonly.Font = Enum.Font.SourceSans
c00lifyf3xgamesonly.Text = "c00lify (f3x games only)"
c00lifyf3xgamesonly.TextColor3 = Color3.fromRGB(0, 0, 0)
c00lifyf3xgamesonly.TextScaled = true
c00lifyf3xgamesonly.TextSize = 14.000
c00lifyf3xgamesonly.TextWrapped = true

f3xhub.Name = "f3x hub"
f3xhub.Parent = ScrollingFrame
f3xhub.BackgroundColor3 = Color3.fromRGB(255, 255, 255)
f3xhub.Position = UDim2.new(-0.296875, 0, 0, 0)
f3xhub.Size = UDim2.new(0, 166, 0, 50)
f3xhub.Font = Enum.Font.SourceSans
f3xhub.Text = "f3x hub"
f3xhub.TextColor3 = Color3.fromRGB(0, 0, 0)
f3xhub.TextScaled = true
f3xhub.TextSize = 14.000
f3xhub.TextWrapped = true

unancorf3xgamesonly.Name = "unancor (f3x games only)"
unancorf3xgamesonly.Parent = ScrollingFrame
unancorf3xgamesonly.BackgroundColor3 = Color3.fromRGB(255, 255, 255)
unancorf3xgamesonly.Position = UDim2.new(-0.296875, 0, 0, 0)
unancorf3xgamesonly.Size = UDim2.new(0, 166, 0, 50)
unancorf3xgamesonly.Font = Enum.Font.SourceSans
unancorf3xgamesonly.Text = "unancor (f3x games only)"
unancorf3xgamesonly.TextColor3 = Color3.fromRGB(0, 0, 0)
unancorf3xgamesonly.TextScaled = true
unancorf3xgamesonly.TextSize = 14.000
unancorf3xgamesonly.TextWrapped = true

notnootf3xgamesonly.Name = "not noot (f3x games only)"
notnootf3xgamesonly.Parent = ScrollingFrame
notnootf3xgamesonly.BackgroundColor3 = Color3.fromRGB(255, 255, 255)
notnootf3xgamesonly.Position = UDim2.new(-0.296875, 0, 0, 0)
notnootf3xgamesonly.Size = UDim2.new(0, 166, 0, 50)
notnootf3xgamesonly.Font = Enum.Font.SourceSans
notnootf3xgamesonly.Text = "not noot (f3x games only)"
notnootf3xgamesonly.TextColor3 = Color3.fromRGB(0, 0, 0)
notnootf3xgamesonly.TextScaled = true
notnootf3xgamesonly.TextSize = 14.000
notnootf3xgamesonly.TextWrapped = true

lag.Name = "lag"
lag.Parent = ScrollingFrame
lag.BackgroundColor3 = Color3.fromRGB(255, 255, 255)
lag.Position = UDim2.new(-0.296875, 0, 0, 0)
lag.Size = UDim2.new(0, 166, 0, 50)
lag.Font = Enum.Font.SourceSans
lag.Text = "lag"
lag.TextColor3 = Color3.fromRGB(0, 0, 0)
lag.TextScaled = true
lag.TextSize = 14.000
lag.TextWrapped = true

infiteyield.Name = "infite yield"
infiteyield.Parent = ScrollingFrame
infiteyield.BackgroundColor3 = Color3.fromRGB(255, 255, 255)
infiteyield.Position = UDim2.new(-0.296875, 0, 0, 0)
infiteyield.Size = UDim2.new(0, 166, 0, 50)
infiteyield.Font = Enum.Font.SourceSans
infiteyield.Text = "infite yield"
infiteyield.TextColor3 = Color3.fromRGB(0, 0, 0)
infiteyield.TextScaled = true
infiteyield.TextSize = 14.000
infiteyield.TextWrapped = true

praisonlifejohndoescary2019.Name = "praison life john doe scary 2019"
praisonlifejohndoescary2019.Parent = ScrollingFrame
praisonlifejohndoescary2019.BackgroundColor3 = Color3.fromRGB(255, 255, 255)
praisonlifejohndoescary2019.Position = UDim2.new(-0.296875, 0, 0, 0)
praisonlifejohndoescary2019.Size = UDim2.new(0, 166, 0, 50)
praisonlifejohndoescary2019.Font = Enum.Font.SourceSans
praisonlifejohndoescary2019.Text = "praison life john doe scary 2019"
praisonlifejohndoescary2019.TextColor3 = Color3.fromRGB(0, 0, 0)
praisonlifejohndoescary2019.TextScaled = true
praisonlifejohndoescary2019.TextSize = 14.000
praisonlifejohndoescary2019.TextWrapped = true

swordgamefuckas.Name = "sword game fuckas"
swordgamefuckas.Parent = ScrollingFrame
swordgamefuckas.BackgroundColor3 = Color3.fromRGB(255, 255, 255)
swordgamefuckas.Position = UDim2.new(-0.296875, 0, 0, 0)
swordgamefuckas.Size = UDim2.new(0, 166, 0, 50)
swordgamefuckas.Font = Enum.Font.SourceSans
swordgamefuckas.Text = "sword game fuckas"
swordgamefuckas.TextColor3 = Color3.fromRGB(0, 0, 0)
swordgamefuckas.TextScaled = true
swordgamefuckas.TextSize = 14.000
swordgamefuckas.TextWrapped = true

Shedletskyf3x.Name = "Shedletsky (f3x)"
Shedletskyf3x.Parent = ScrollingFrame
Shedletskyf3x.BackgroundColor3 = Color3.fromRGB(255, 255, 255)
Shedletskyf3x.Position = UDim2.new(-0.296875, 0, 0, 0)
Shedletskyf3x.Size = UDim2.new(0, 166, 0, 50)
Shedletskyf3x.Font = Enum.Font.SourceSans
Shedletskyf3x.Text = "Shedletsky (f3x)"
Shedletskyf3x.TextColor3 = Color3.fromRGB(0, 0, 0)
Shedletskyf3x.TextScaled = true
Shedletskyf3x.TextSize = 14.000
Shedletskyf3x.TextWrapped = true

teamflatspamf3x.Name = "team flat spam(f3x)"
teamflatspamf3x.Parent = ScrollingFrame
teamflatspamf3x.BackgroundColor3 = Color3.fromRGB(255, 255, 255)
teamflatspamf3x.Position = UDim2.new(-0.296875, 0, 0, 0)
teamflatspamf3x.Size = UDim2.new(0, 166, 0, 50)
teamflatspamf3x.Font = Enum.Font.SourceSans
teamflatspamf3x.Text = "team flat spam(f3x)"
teamflatspamf3x.TextColor3 = Color3.fromRGB(0, 0, 0)
teamflatspamf3x.TextScaled = true
teamflatspamf3x.TextSize = 14.000
teamflatspamf3x.TextWrapped = true

scareyanonymousspamSCREAMF3X.Name = "scarey anonymous spam SCREAM (F3X)"
scareyanonymousspamSCREAMF3X.Parent = ScrollingFrame
scareyanonymousspamSCREAMF3X.BackgroundColor3 = Color3.fromRGB(255, 255, 255)
scareyanonymousspamSCREAMF3X.Position = UDim2.new(-0.296875, 0, 0, 0)
scareyanonymousspamSCREAMF3X.Size = UDim2.new(0, 166, 0, 50)
scareyanonymousspamSCREAMF3X.Font = Enum.Font.SourceSans
scareyanonymousspamSCREAMF3X.Text = "scarey anonymous spam SCREAM (F3X)"
scareyanonymousspamSCREAMF3X.TextColor3 = Color3.fromRGB(0, 0, 0)
scareyanonymousspamSCREAMF3X.TextScaled = true
scareyanonymousspamSCREAMF3X.TextSize = 14.000
scareyanonymousspamSCREAMF3X.TextWrapped = true

madebyg00donladn.Name = "made by g00donladn"
madebyg00donladn.Parent = ImageLabel
madebyg00donladn.BackgroundColor3 = Color3.fromRGB(255, 255, 255)
madebyg00donladn.Position = UDim2.new(0, 0, 0.857015014, 0)
madebyg00donladn.Size = UDim2.new(0, 257, 0, 50)
madebyg00donladn.ZIndex = 2
madebyg00donladn.Font = Enum.Font.SourceSans
madebyg00donladn.Text = "made by g00donladn"
madebyg00donladn.TextColor3 = Color3.fromRGB(0, 0, 0)
madebyg00donladn.TextScaled = true
madebyg00donladn.TextSize = 14.000
madebyg00donladn.TextWrapped = true

-- Scripts:

local function PORER_fake_script() -- ScrollingFrame.LocalScript 
	local script = Instance.new('LocalScript', ScrollingFrame)

	local s = script.Parent
	skyname = "SSSKY "
	c00lskiddecal = "158118263"
	pcall(function()
	local player = game.Players.LocalPlayer
	local tool
	for i,v in player:GetDescendants() do
		if v.Name == "SyncAPI" then
			tool = v.Parent
		end
	end
	for i,v in game.ReplicatedStorage:GetDescendants() do
		if v.Name == "SyncAPI" then
			tool = v.Parent
		end
	end
	--skidded off f3x destruct or some shit it was called cuz im not making a f3x fe bypass script lmfao--
	remote = tool.SyncAPI.ServerEndpoint
	function _(args)
		remote:InvokeServer(unpack(args))
	end
	function SetCollision(part,boolean)
		local args = {
			[1] = "SyncCollision",
			[2] = {
				[1] = {
					["Part"] = part,
					["CanCollide"] = boolean
				}
			}
		}
		_(args)
	end
	function SetAnchor(boolean,part)
		local args = {
			[1] = "SyncAnchor",
			[2] = {
				[1] = {
					["Part"] = part,
					["Anchored"] = boolean
				}
			}
		}
		_(args)
	end
	function CreatePart(cf,parent)
		local args = {
			[1] = "CreatePart",
			[2] = "Normal",
			[3] = cf,
			[4] = parent
		}
		_(args)
	end
	function DestroyPart(part)
		local args = {
			[1] = "Remove",
			[2] = {
				[1] = part
			}
		}
		_(args)
	end
	function MovePart(part,cf)
		local args = {
			[1] = "SyncMove",
			[2] = {
				[1] = {
					["Part"] = part,
					["CFrame"] = cf
				}
			}
		}
		_(args)
	end
	function Resize(part,size,cf)
		local args = {
			[1] = "SyncResize",
			[2] = {
				[1] = {
					["Part"] = part,
					["CFrame"] = cf,
					["Size"] = size
				}
			}
		}
		_(args)
	end
	function AddMesh(part)
		local args = {
			[1] = "CreateMeshes",
			[2] = {
				[1] = {
					["Part"] = part
				}
			}
		}
		_(args)
	end
	
	function SetMesh(part,meshid)
		local args = {
			[1] = "SyncMesh",
			[2] = {
				[1] = {
					["Part"] = part,
					["MeshId"] = "rbxassetid://"..meshid
				}
			}
		}
		_(args)
	end
	function SetTexture(part, texid)
		local args = {
			[1] = "SyncMesh",
			[2] = {
				[1] = {
					["Part"] = part,
					["TextureId"] = "rbxassetid://"..texid
				}
			}
		}
		_(args)
	end
	function SetName(part, stringg)
		local args = {
			[1] = "SetName",
			[2] = {
				[1] = part
			},
			[3] = stringg
		}
	
		_(args)
	end
	function MeshResize(part,size)
		local args = {
			[1] = "SyncMesh",
			[2] = {
				[1] = {
					["Part"] = part,
					["Scale"] = size
				}
			}
		}
		_(args)
	end
	function Weld(part1, part2,lead)
		local args = {
			[1] = "CreateWelds",
			[2] = {
				[1] = part1,
				[2] = part2
			},
			[3] = lead
		}
		_(args)
	
	end
	function SetLocked(part,boolean)
		local args = {
			[1] = "SetLocked",
			[2] = {
				[1] = part
			},
			[3] = boolean
		}
		_(args)
	end
	function SetTrans(part,int)
		local args = {
			[1] = "SyncMaterial",
			[2] = {
				[1] = {
					["Part"] = part,
					["Transparency"] = int
				}
			}
		}
		_(args)
	end
	function CreateSpotlight(part)
		local args = {
			[1] = "CreateLights",
			[2] = {
				[1] = {
					["Part"] = part,
					["LightType"] = "SpotLight"
				}
			}
		}
		_(args)
	end
	function SyncLighting(part,brightness)
		local args = {
			[1] = "SyncLighting",
			[2] = {
				[1] = {
					["Part"] = part,
					["LightType"] = "SpotLight",
					["Brightness"] = brightness
				}
			}
		}
		_(args)
	end
	function AddFire(part)
		local args = {
			[1] = "CreateDecorations",
			[2] = {
				[1] = {
					["Part"] = part,
					["DecorationType"] = "Fire"
				}
			}
		}
		_(args)
	end
	function AddSparkles(part)
		local args = {
			[1] = "CreateDecorations",
			[2] = {
				[1] = {
					["Part"] = part,
					["DecorationType"] = "Sparkles"
				}
			}
		}
		_(args)
	end
	function FireParts()
		for i,v in game.Workspace:GetDescendants() do
			spawn(function()
				SetLocked(v,false)
				AddFire(v)
			end)
		end
	end
	function SpawnDecal(part,side)
		local args = {
			[1] = "CreateTextures",
			[2] = {
				[1] = {
					["Part"] = part,
					["Face"] = side,
					["TextureType"] = "Decal"
				}
			}
		}
	
		_(args)
	end
	function AddDecal(part,asset,side)
		local args = {
			[1] = "SyncTexture",
			[2] = {
				[1] = {
					["Part"] = part,
					["Face"] = side,
					["TextureType"] = "Decal",
					["Texture"] = "rbxassetid://".. asset
				}
			}
		}
		_(args)
	end
		function Sky(id)
			local char = player.Character
		e = char.HumanoidRootPart.CFrame.x
		f = char.HumanoidRootPart.CFrame.y
		g = char.HumanoidRootPart.CFrame.z
		CreatePart(CFrame.new(math.floor(e),math.floor(f),math.floor(g)) + Vector3.new(0,6,0),workspace)
		for i,v in game.Workspace:GetDescendants() do
			if v:IsA("BasePart") and v.CFrame.x == math.floor(e) and v.CFrame.z == math.floor(g) then
				--spawn(function()
				SetName(v,skyname)
				AddMesh(v)
				--end)
				--spawn(function()
				SetMesh(v,"8006679977")
				SetTexture(v,id)
				--end)
				MeshResize(v,Vector3.new(50,50,50))
				SetLocked(v,true)
			end
		end
	end
	function spam(id)
		for i,v in workspace:GetDescendants() do
			if v:IsA("BasePart") then
				spawn(function()
						SetLocked(v,false)
						SetTrans(v,0)
					SpawnDecal(v,Enum.NormalId.Front)
					AddDecal(v,id,Enum.NormalId.Front)
	
					SpawnDecal(v,Enum.NormalId.Back)
					AddDecal(v,id,Enum.NormalId.Back)
	
					SpawnDecal(v,Enum.NormalId.Right)
					AddDecal(v,id,Enum.NormalId.Right)
	
					SpawnDecal(v,Enum.NormalId.Left)
					AddDecal(v,id,Enum.NormalId.Left)
	
					SpawnDecal(v,Enum.NormalId.Bottom)
					AddDecal(v,id,Enum.NormalId.Bottom)
	
					SpawnDecal(v,Enum.NormalId.Top)
					AddDecal(v,id,Enum.NormalId.Top)
				end)
			end
		end 
	end
	function Unanchor()
		for i,v in game.Workspace:GetDescendants() do
			spawn(function()
				pcall(function()
					SetLocked(v,false)
					SetAnchor(false,v)
				end)
			end)
		end
	end
	function NoColide()
		for i,v in game.Workspace:GetDescendants() do
			spawn(function()
				pcall(function()
					SetLocked(v,false)
					SetCollision(false,v)
				end)
			end)
		end
		end
		end)
	s["c00skdid decal spam (f3x games only)"].MouseButton1Down:Connect(function()
		spam(c00lskiddecal)
	end)
	s["co0l sky (f3x games only)"].MouseButton1Down:Connect(function()
		Sky(c00lskiddecal)
	end)
	s["burn everythign (f3x games only)"].MouseButton1Down:Connect(function()
		FireParts()
	end)
	s["unancor (f3x games only)"].MouseButton1Down:Connect(function()
		Unanchor()
	end)
	s["c00lify (f3x games only)"].MouseButton1Down:Connect(function()  
		Sky(c00lskiddecal)
		spam(c00lskiddecal)
	end)
	s["f3x hub"].MouseButton1Down:Connect(function()
		loadstring(game:HttpGet("https://raw.githubusercontent.com/BatuKvi123/f3xhub/main/f3xhub"))()
	end)
	s["infite yield"].MouseButton1Down:Connect(function()
		loadstring(game:HttpGet("https://raw.githubusercontent.com/EdgeIY/infiniteyield/master/source"))()
	end)
	s["lag"].MouseButton1Down:Connect(function() 
		local malformed = string.rep("ก็็็▌▓", math.random(10000, 2e5))
		local remote = game:GetService'ReplicatedStorage'.DefaultChatSystemChatEvents:WaitForChild'SayMessageRequest'
		while wait() do
			remote:FireServer(malformed, malformed)
		end
	end)
	s["not noot (f3x games only)"].MouseButton1Down:Connect(function()
		local msg = Instance.new("Message",workspace)
		msg.Text = "Subscribe To Syntax 64 For More!"
		wait(3)
		msg:Destroy()
		pingudecal = "382332426"
		local didpingu = false
		local ScreenGui = Instance.new("ScreenGui",game.Players["LocalPlayer"].PlayerGui)
		ScreenGui.Name = "nooties"
		ScreenGui.ResetOnSpawn = false
		local asd = Instance.new("TextButton",ScreenGui)
		asd.BackgroundColor3 = Color3.new(0,0,0)
		asd.BorderColor3 = Color3.new(0,0,0)
		asd.Name = "nooties"
		asd.Position = UDim2.new(1,-150,1,-90)
		asd.Size = UDim2.new(0,150,0,45)
		asd.Font = "SourceSansBold"
		asd.FontSize = "Size32"
		asd.Text = "Noot Noot!"
		asd.TextColor3 = Color3.new(255,255,255)
		asd.MouseButton1Down:connect(function()
			if didpingu == false then
				didpingu = true
				Unanchor()
				FireParts()
	
				Sky(pingudecal)
				NoColide()
				local function partasd()
					spam(pingudecal)
					for i,a in pairs(workspace:GetChildren()) do
						local pepe = coroutine.create(function()
							while wait() do
								if a.Name ~= "Head" or "Torso" or "Left Arm" or "Right Arm" or "Left Leg" or "Right Leg" then
									AddSparkles(a)
								end
							end
						end)
						coroutine.resume(pepe)
					end
				end
				partasd()
			else
				warn("Already Ran! Did not execute the script!")
			end
		end)
	end)
	s["sword game fuckas"].MouseButton1Down:Connect(function()
		local ScreenGui = Instance.new("ScreenGui")
		local ImageLabel = Instance.new("ImageLabel")
		local TextButton = Instance.new("TextButton")
		local TextLabel = Instance.new("TextLabel")
	
		ScreenGui.Parent = game.Players.LocalPlayer:WaitForChild("PlayerGui")
		ScreenGui.ZIndexBehavior = Enum.ZIndexBehavior.Sibling
		ScreenGui.ResetOnSpawn = false
	
		ImageLabel.Parent = ScreenGui
		ImageLabel.BackgroundColor3 = Color3.fromRGB(255, 255, 255)
		ImageLabel.BorderColor3 = Color3.fromRGB(0, 0, 0)
		ImageLabel.BorderSizePixel = 0
		ImageLabel.Position = UDim2.new(0.0720949918, 0, 0.174932063, 0)
		ImageLabel.Size = UDim2.new(0, 245, 0, 289)
		ImageLabel.Image = "rbxassetid://8126977748"
	
		TextButton.Parent = ImageLabel
		TextButton.BackgroundColor3 = Color3.fromRGB(255, 255, 255)
		TextButton.BorderColor3 = Color3.fromRGB(0, 0, 0)
		TextButton.BorderSizePixel = 0
		TextButton.Position = UDim2.new(0.151020408, 0, 0.474048436, 0)
		TextButton.Size = UDim2.new(0, 170, 0, 48)
		TextButton.Font = Enum.Font.SourceSans
		TextButton.Text = "troll"
		TextButton.TextColor3 = Color3.fromRGB(0, 0, 0)
		TextButton.TextSize = 14.000
		TextButton.TextWrapped = true
	
		TextLabel.Parent = ImageLabel
		TextLabel.BackgroundColor3 = Color3.fromRGB(255, 255, 255)
		TextLabel.BorderColor3 = Color3.fromRGB(0, 0, 0)
		TextLabel.BorderSizePixel = 0
		TextLabel.Position = UDim2.new(0.118367344, 0, 0.0207612459, 0)
		TextLabel.Size = UDim2.new(0, 200, 0, 50)
		TextLabel.Font = Enum.Font.SourceSans
		TextLabel.Text = "swordgam trolelr"
		TextLabel.TextColor3 = Color3.fromRGB(0, 0, 0)
		TextLabel.TextSize = 14.000
	
		-- Scripts:
	
		local function OYAUHL_fake_script() -- TextButton.LocalScript 
			local script = Instance.new('LocalScript', TextButton)
	
			local teleport_player_locally_offset = 5
			script.Parent.MouseButton1Down:Connect(function()
				for i,v in pairs(game.Players:GetChildren()) do
					if v ~= game.Players.LocalPlayer then
						local current_player_character = v.Character
						local exploiter_head_position = game.Players.LocalPlayer.Character.Head.Position
						local new_cframe = CFrame.new(exploiter_head_position.X+teleport_player_locally_offset, exploiter_head_position.Y, exploiter_head_position.Z)
						v.Character:SetPrimaryPartCFrame(new_cframe)
						v.Character.Head.Anchored = true
					end
				end
	
				for i,v in pairs(game.Players:GetChildren()) do
					local player_character = v.Character
					for j,w in pairs(player_character:GetChildren()) do
						if w:FindFirstChild("Handle") ~= nil and w.Parent.Name ~= game.Players.LocalPlayer.Character.Name then
							w:Remove()
						end
					end
				end
			end)
		end
		coroutine.wrap(OYAUHL_fake_script)()
		local function GLVQ_fake_script() -- ImageLabel.Smooth GUI Dragging 
			local script = Instance.new('LocalScript', ImageLabel)
	
			local UserInputService = game:GetService("UserInputService")
			local runService = (game:GetService("RunService"));
	
			local gui = script.Parent
	
			local dragging
			local dragInput
			local dragStart
			local startPos
	
			local function Lerp(a, b, m)
				return a + (b - a) * m
			end;
	
			local lastMousePos
			local lastGoalPos
			local DRAG_SPEED = (8); -- // The speed of the UI darg.
			local function Update(dt)
				if not (startPos) then return end;
				if not (dragging) and (lastGoalPos) then
					gui.Position = UDim2.new(startPos.X.Scale, Lerp(gui.Position.X.Offset, lastGoalPos.X.Offset, dt * DRAG_SPEED), startPos.Y.Scale, Lerp(gui.Position.Y.Offset, lastGoalPos.Y.Offset, dt * DRAG_SPEED))
					return 
				end;
	
				local delta = (lastMousePos - UserInputService:GetMouseLocation())
				local xGoal = (startPos.X.Offset - delta.X);
				local yGoal = (startPos.Y.Offset - delta.Y);
				lastGoalPos = UDim2.new(startPos.X.Scale, xGoal, startPos.Y.Scale, yGoal)
				gui.Position = UDim2.new(startPos.X.Scale, Lerp(gui.Position.X.Offset, xGoal, dt * DRAG_SPEED), startPos.Y.Scale, Lerp(gui.Position.Y.Offset, yGoal, dt * DRAG_SPEED))
			end;
	
			gui.InputBegan:Connect(function(input)
				if input.UserInputType == Enum.UserInputType.MouseButton1 or input.UserInputType == Enum.UserInputType.Touch then
					dragging = true
					dragStart = input.Position
					startPos = gui.Position
					lastMousePos = UserInputService:GetMouseLocation()
	
					input.Changed:Connect(function()
						if input.UserInputState == Enum.UserInputState.End then
							dragging = false
						end
					end)
				end
			end)
	
			gui.InputChanged:Connect(function(input)
				if input.UserInputType == Enum.UserInputType.MouseMovement or input.UserInputType == Enum.UserInputType.Touch then
					dragInput = input
				end
			end)
	
			runService.Heartbeat:Connect(Update)
		end
		coroutine.wrap(GLVQ_fake_script)()
	
	end)
	
	s["Shedletsky (f3x)"].MouseButton1Down:Connect(function()
		local shed = 172423468
		Sky(shed)
	end)
	s["team flat spam(f3x)"].MouseButton1Down:Connect(function()
		local fat = 12507856273
		Sky(fat)
		spam(fat)
	end)
	
	s["scarey anonymous spam SCREAM (F3X)"].MouseButton1Down:Connect(function()
		local xd = 1845221548
		spam(xd)
		Sky(xd)
	end)
	
	s["praison life john doe scary 2019"].MouseButton1Down:Connect(function()  
		if game.workspace:FindFirstChild("DeathMus") then
			workspace.DeathMus:Destroy()
		end
	
		for i,v in pairs(game:GetDescendants()) do
			if v.ClassName == "TextLabel" and v.Name == "BAdChoice" then
				v:Destroy()
			end
		end
		for i,o in pairs(game:GetDescendants()) do
			if o.Name == "skybox" then
				o:Destroy()
			end
		end
	
		local function GetOrientation()
			local PosX, PosY, PosZ = game.Players.LocalPlayer.Character:WaitForChild("HumanoidRootPart").CFrame:ToOrientation()
			return CFrame.new(game.Players.LocalPlayer.Character:WaitForChild("HumanoidRootPart").CFrame.X, game.Players.LocalPlayer.Character:WaitForChild("HumanoidRootPart").CFrame.Y, game.Players.LocalPlayer.Character:WaitForChild("HumanoidRootPart").CFrame.Z) * CFrame.fromOrientation(0, PosY, 0)
		end
		local function GetPos()
			return game.Players.LocalPlayer.Character.HumanoidRootPart.CFrame
		end
	
		local function GetCamPos()
			return workspace.CurrentCamera.CFrame
		end
	
	
	
		Naew = function(Object, Parent, Name, Data)
			local Object = Instance.new(Object)
			for Index, Value in pairs(Data or {}) do
				Object[Index] = Value
			end
			Object.Parent = Parent
			Object.Name = Name
			return Object
		end
	
	
		player = game:GetService("Players").LocalPlayer
		chara = player.Character
		game.Lighting:ClearAllChildren()
		ch = chara:GetChildren()
		for i = 1, #ch do
			if ch[i].Name == "Torso" then
				ch[i].roblox.Transparency = 1
			elseif ch[i].Name == "Head" then
				ch[i].face.Transparency = 1
				ch[i].Transparency = 1
	
			end
		end
	
		chara["Left Arm"].BrickColor = BrickColor.new("Cool yellow")
		chara["Right Arm"].BrickColor = BrickColor.new("Cool yellow")
		chara["Left Leg"].BrickColor = BrickColor.new("Medium blue")
		chara["Right Leg"].BrickColor = BrickColor.new("Medium blue")
		chara.Torso.BrickColor = BrickColor.new("Bright yellow")
	
		--Outfit--
		New = function(Object, Parent, Name, Data)
			local Object = Instance.new(Object)
			for Index, Value in pairs(Data or {}) do
				Object[Index] = Value
			end
			Object.Parent = Parent
			Object.Name = Name
			return Object
		end
	
		function ScatterEff(part)
			local eff1 = Instance.new("ParticleEmitter",part)
			eff1.Size = NumberSequence.new(.1)
			eff1.Transparency = NumberSequence.new({NumberSequenceKeypoint.new(0,0),NumberSequenceKeypoint.new(.9,0),NumberSequenceKeypoint.new(1,1)})
			eff1.LightEmission = 1
			eff1.Lifetime = NumberRange.new(1)
			eff1.Speed = NumberRange.new(1)
			eff1.Rate = 100
			eff1.VelocitySpread = 10000
			eff1.Texture = "rbxassetid://347504241"
			eff1.Color = ColorSequence.new(Color3.new(1,0,0))
			local eff2 = Instance.new("ParticleEmitter",part)
			eff2.Size = NumberSequence.new(.1)
			eff2.Transparency = NumberSequence.new({NumberSequenceKeypoint.new(0,0),NumberSequenceKeypoint.new(.9,0),NumberSequenceKeypoint.new(1,1)})
			eff2.LightEmission = 1
			eff2.Lifetime = NumberRange.new(1)
			eff2.Speed = NumberRange.new(1)
			eff2.Rate = 100
			eff2.VelocitySpread = 10000
			eff2.Texture = "rbxassetid://347504259"
			eff2.Color = ColorSequence.new(Color3.new(1,0,0))
		end
	
		function BurningEff(part)
			local eff1 = Instance.new("ParticleEmitter",part)
			eff1.Size = NumberSequence.new(.1)
			eff1.Transparency = NumberSequence.new({NumberSequenceKeypoint.new(0,0),NumberSequenceKeypoint.new(.2,0),NumberSequenceKeypoint.new(1,1)})
			eff1.LightEmission = 1
			eff1.Lifetime = NumberRange.new(1)
			eff1.Speed = NumberRange.new(0)
			eff1.Rate = 100
			eff1.Texture = "rbxassetid://347504241"
			eff1.Acceleration = Vector3.new(0,10,0)
			eff1.Color = ColorSequence.new(Color3.new(1,0,0))
			local eff2 = Instance.new("ParticleEmitter",part)
			eff2.Size = NumberSequence.new(.1)
			eff2.Transparency = NumberSequence.new({NumberSequenceKeypoint.new(0,0),NumberSequenceKeypoint.new(.2,0),NumberSequenceKeypoint.new(1,1)})
			eff2.LightEmission = 1
			eff2.Lifetime = NumberRange.new(1)
			eff2.Speed = NumberRange.new(0)
			eff2.Rate = 100
			eff2.Texture = "rbxassetid://347504259"
			eff2.Acceleration = Vector3.new(0,10,0)
			eff2.Color = ColorSequence.new(Color3.new(1,0,0))
			local eff3 = Instance.new("ParticleEmitter",part)
			eff3.Size = NumberSequence.new(1)
			eff3.Transparency = NumberSequence.new({NumberSequenceKeypoint.new(0,0),NumberSequenceKeypoint.new(1,1)})
			eff3.LightEmission = 1
			eff3.Lifetime = NumberRange.new(1)
			eff3.Speed = NumberRange.new(0)
			eff3.Rate = 100
			eff3.Texture = "rbxasset://textures/particles/fire_main.dds"
			eff3.Acceleration = Vector3.new(0,10,0)
			eff3.Color = ColorSequence.new(Color3.new(1,0,0))
		end
	
		FakeHead = New("Model",chara,"FakeHead",{})
		MainPart = New("Part",FakeHead,"MainPart",{FormFactor = Enum.FormFactor.Symmetric,Size = Vector3.new(2, 1, 1),CFrame = CFrame.new(2.29537678, 7.81603718, 0.746068954, 0.00980896503, 0.00110200304, 0.999957919, -0.000536994543, 1.00000548, -0.00109680078, -0.99994874, -0.0005262224, 0.00980964955),CanCollide = false,TopSurface = Enum.SurfaceType.Smooth,})
		Mesh = New("SpecialMesh",MainPart,"Mesh",{Scale = Vector3.new(1.25, 1.25, 1.25),})
		face = New("Decal",MainPart,"face",{Texture = "rbxasset://textures/face.png",})
		Weld = New("ManualWeld",MainPart,"Weld",{Part0 = MainPart,Part1 = chara.Head,C0 = CFrame.new(0, 0, 0, 0.00980896503, -0.000536994543, -0.99994874, 0.00110200304, 1.00000548, -0.0005262224, 0.999957919, -0.00109680078, 0.00980964955),C1 = CFrame.new(5.96046448e-008, -8.58306885e-006, 0, 0.00980896503, -0.000536994543, -0.99994874, 0.00110200304, 1.00000548, -0.0005262224, 0.999957919, -0.00109680078, 0.00980964955),})
		FakeHead.MainPart.BrickColor = BrickColor.new("Cool yellow")
		EyeFire = New("Part",FakeHead,"EyeFire",{BrickColor = BrickColor.new("Really red"),Material = Enum.Material.Neon,Size = Vector3.new(0.400000006, 0.200000003, 0.200000003),CFrame = CFrame.new(1.69668579, 8.11665249, 0.640022159, -0.00107900088, 0.999958038, -0.00980941113, -1.0000056, -0.00107390946, 0.000525554642, 0.000515007298, 0.00981007144, 0.999948859),CanCollide = false,Color = Color3.new(1, 0, 0),})
		Mesh = New("CylinderMesh",EyeFire,"Mesh",{Offset = Vector3.new(0.0500000007, 0, -0.0399999991),Scale = Vector3.new(1, 0.150000006, 1),})
		Weld = New("ManualWeld",EyeFire,"Weld",{Part0 = EyeFire,Part1 = MainPart,C0 = CFrame.new(0, 0, 0, -0.0010790003, -0.999999344, 0.000515000196, 0.999951363, -0.0010738963, 0.00981000345, -0.00980944186, 0.000525560055, 0.99995178),C1 = CFrame.new(0.100008011, 0.300009251, -0.600027919, 0.00980899762, -0.000536999898, -0.99995178, 0.00110200245, 0.999999344, -0.000526215415, 0.999951363, -0.00109678751, 0.00980958249),})
		Chest = New("Model",chara,"Chest",{})
		MainPart = New("Part",Chest,"MainPart",{Transparency = 1,Transparency = 1,FormFactor = Enum.FormFactor.Symmetric,Size = Vector3.new(2, 2, 1),CFrame = CFrame.new(2.2937007, 6.31611967, 0.746871948, 0.00980956201, 0.00110224239, 0.999954581, -0.000537135813, 1.00000238, -0.00109703222, -0.99995023, -0.000526354474, 0.00981019717),CanCollide = false,LeftSurface = Enum.SurfaceType.Weld,RightSurface = Enum.SurfaceType.Weld,})
		Weld = New("ManualWeld",MainPart,"Weld",{Part0 = MainPart,Part1 = chara.Torso,C0 = CFrame.new(0, 0, 0, 0.009809535, -0.000537137908, -0.99994725, 0.00110225554, 1.00000858, -0.000526368851, 0.999961257, -0.00109705783, 0.00981026888),C1 = CFrame.new(5.96046448e-008, -9.05990601e-006, -2.38418579e-007, 0.00980956666, -0.000537143264, -0.99995023, 0.00110225484, 1.00000238, -0.000526361808, 0.999954581, -0.00109704456, 0.00981020182),})
		CorruptedPart = New("Part",Chest,"CorruptedPart",{BrickColor = BrickColor.new("Really black"),Material = Enum.Material.Granite,Size = Vector3.new(0.400000006, 0.800000072, 1),CFrame = CFrame.new(2.28977966, 7.11656427, 1.34486222, -0.00110228383, -0.00980954897, -0.9999578, -1.00000536, 0.000536905834, 0.00109708123, 0.000526248943, 0.99994868, -0.00981033035),CanCollide = false,BackSurface = Enum.SurfaceType.SmoothNoOutlines,BottomSurface = Enum.SurfaceType.SmoothNoOutlines,FrontSurface = Enum.SurfaceType.SmoothNoOutlines,LeftSurface = Enum.SurfaceType.SmoothNoOutlines,RightSurface = Enum.SurfaceType.SmoothNoOutlines,TopSurface = Enum.SurfaceType.SmoothNoOutlines,Color = Color3.new(0.0666667, 0.0666667, 0.0666667),})
		Mesh = New("BlockMesh",CorruptedPart,"Mesh",{Scale = Vector3.new(1.10000002, 1.10000002, 1.10000002),})
		Weld = New("ManualWeld",CorruptedPart,"Weld",{Part0 = CorruptedPart,Part1 = MainPart,C0 = CFrame.new(0, 0, 0, -0.0011022957, -0.999999225, 0.000526249292, -0.00980958622, 0.000536918582, 0.99995172, -0.999951243, 0.0010970803, -0.00981026702),C1 = CFrame.new(-0.598430753, 0.800122261, 0.00106739998, 0.00980956666, -0.000537143264, -0.99995023, 0.00110225484, 1.00000238, -0.000526361808, 0.999954581, -0.00109704456, 0.00981020182),})
		CorruptedPart = New("Part",Chest,"CorruptedPart",{BrickColor = BrickColor.new("Really black"),Material = Enum.Material.Granite,Size = Vector3.new(0.400000006, 0.400000066, 1),CFrame = CFrame.new(2.29174757, 6.71645212, 1.54485857, -0.00110228383, -0.00980954897, -0.9999578, -1.00000536, 0.000536905834, 0.00109708123, 0.000526248943, 0.99994868, -0.00981033035),CanCollide = false,BackSurface = Enum.SurfaceType.SmoothNoOutlines,BottomSurface = Enum.SurfaceType.SmoothNoOutlines,FrontSurface = Enum.SurfaceType.SmoothNoOutlines,LeftSurface = Enum.SurfaceType.SmoothNoOutlines,RightSurface = Enum.SurfaceType.SmoothNoOutlines,TopSurface = Enum.SurfaceType.SmoothNoOutlines,Color = Color3.new(0.0666667, 0.0666667, 0.0666667),})
		Mesh = New("BlockMesh",CorruptedPart,"Mesh",{Scale = Vector3.new(1.10000002, 1.10000002, 1.10000002),})
		Weld = New("ManualWeld",CorruptedPart,"Weld",{Part0 = CorruptedPart,Part1 = MainPart,C0 = CFrame.new(0, 0, 0, -0.0011022957, -0.999999225, 0.000526249292, -0.00980958622, 0.000536918582, 0.99995172, -0.999951243, 0.0010970803, -0.00981026702),C1 = CFrame.new(-0.798183441, 0.399908543, 0.00543618202, 0.00980956666, -0.000537143264, -0.99995023, 0.00110225484, 1.00000238, -0.000526361808, 0.999954581, -0.00109704456, 0.00981020182),})
		LeftArm = New("Model",chara,"LeftArm",{})
		MainPart = New("Part",LeftArm,"MainPart",{Transparency = 1,Transparency = 1,FormFactor = Enum.FormFactor.Symmetric,Size = Vector3.new(1, 2, 1),CFrame = CFrame.new(1.90889204, 6.31596565, 3.24640989, -0.0484240092, -0.0324009918, 0.998301268, -0.00117100019, 0.999474883, 0.0323822871, -0.998826265, 0.000399069104, -0.0484365262),CanCollide = false,})
		Weld = New("ManualWeld",MainPart,"Weld",{Part0 = MainPart,Part1 = chara["Left Arm"],C0 = CFrame.new(0, 0, 0, -0.0484240092, -0.00117100019, -0.998826265, -0.0324009918, 0.999474883, 0.000399069104, 0.998301268, 0.0323822871, -0.0484365262),C1 = CFrame.new(0, -8.10623169e-006, -2.38418579e-007, -0.0484240092, -0.00117100019, -0.998826265, -0.0324009918, 0.999474883, 0.000399069104, 0.998301268, 0.0323822871, -0.0484365262),})
		CorruptedPart = New("Part",LeftArm,"CorruptedPart",{BrickColor = BrickColor.new("Really black"),Material = Enum.Material.Granite,Size = Vector3.new(0.200000003, 0.400000006, 0.200000003),CFrame = CFrame.new(1.48370504, 6.50245714, 2.8663168, -0.048417028, -0.0324150361, 0.998301387, -0.00116700074, 0.999474525, 0.03239654, -0.998826742, 0.000403525919, -0.0484294258),CanCollide = false,BackSurface = Enum.SurfaceType.SmoothNoOutlines,BottomSurface = Enum.SurfaceType.SmoothNoOutlines,FrontSurface = Enum.SurfaceType.SmoothNoOutlines,LeftSurface = Enum.SurfaceType.SmoothNoOutlines,RightSurface = Enum.SurfaceType.SmoothNoOutlines,TopSurface = Enum.SurfaceType.SmoothNoOutlines,Color = Color3.new(0.0666667, 0.0666667, 0.0666667),})
		Mesh = New("BlockMesh",CorruptedPart,"Mesh",{Scale = Vector3.new(1.10000002, 1.10000002, 1.10000002),})
		Weld = New("ManualWeld",CorruptedPart,"Weld",{Part0 = CorruptedPart,Part1 = MainPart,C0 = CFrame.new(0, 0, 0, -0.048417028, -0.00116700074, -0.998826623, -0.0324150361, 0.999474466, 0.000403525832, 0.998301208, 0.0323965363, -0.0484294109),C1 = CFrame.new(0.400017738, 0.200018406, -0.400015235, -0.0484240092, -0.00117100019, -0.998826265, -0.0324009918, 0.999474883, 0.000399069104, 0.998301268, 0.0323822871, -0.0484365262),})
		CorruptedPart = New("Part",LeftArm,"CorruptedPart",{BrickColor = BrickColor.new("Really black"),Material = Enum.Material.Granite,Size = Vector3.new(0.200000003, 0.600000024, 0.200000003),CFrame = CFrame.new(1.51924801, 6.60332775, 3.66543078, -0.048417028, -0.0324150361, 0.998301387, -0.00116700074, 0.999474525, 0.03239654, -0.998826742, 0.000403525919, -0.0484294258),CanCollide = false,BackSurface = Enum.SurfaceType.SmoothNoOutlines,BottomSurface = Enum.SurfaceType.SmoothNoOutlines,FrontSurface = Enum.SurfaceType.SmoothNoOutlines,LeftSurface = Enum.SurfaceType.SmoothNoOutlines,RightSurface = Enum.SurfaceType.SmoothNoOutlines,TopSurface = Enum.SurfaceType.SmoothNoOutlines,Color = Color3.new(0.0666667, 0.0666667, 0.0666667),})
		Mesh = New("BlockMesh",CorruptedPart,"Mesh",{Scale = Vector3.new(1.10000002, 1.10000002, 1.10000002),})
		Weld = New("ManualWeld",CorruptedPart,"Weld",{Part0 = CorruptedPart,Part1 = MainPart,C0 = CFrame.new(0, 0, 0, -0.048417028, -0.00116700074, -0.998826623, -0.0324150361, 0.999474466, 0.000403525832, 0.998301208, 0.0323965363, -0.0484294109),C1 = CFrame.new(-0.399997473, 0.300003052, -0.399972558, -0.0484240092, -0.00117100019, -0.998826265, -0.0324009918, 0.999474883, 0.000399069104, 0.998301268, 0.0323822871, -0.0484365262),})
		EffCorruptedPart = New("Part",LeftArm,"EffCorruptedPart",{BrickColor = BrickColor.new("Really black"),Material = Enum.Material.Granite,Size = Vector3.new(1, 1, 1),CFrame = CFrame.new(1.92512023, 5.81624889, 3.24619365, -0.048417028, -0.0324150361, 0.998301387, -0.00116700074, 0.999474525, 0.03239654, -0.998826742, 0.000403525919, -0.0484294258),CanCollide = false,BackSurface = Enum.SurfaceType.SmoothNoOutlines,BottomSurface = Enum.SurfaceType.SmoothNoOutlines,FrontSurface = Enum.SurfaceType.SmoothNoOutlines,LeftSurface = Enum.SurfaceType.SmoothNoOutlines,RightSurface = Enum.SurfaceType.SmoothNoOutlines,TopSurface = Enum.SurfaceType.SmoothNoOutlines,Color = Color3.new(0.0666667, 0.0666667, 0.0666667),})
		Mesh = New("BlockMesh",EffCorruptedPart,"Mesh",{Scale = Vector3.new(1.10000002, 1.10000002, 1.10000002),})
		Weld = New("ManualWeld",EffCorruptedPart,"Weld",{Part0 = EffCorruptedPart,Part1 = MainPart,C0 = CFrame.new(0, 0, 0, -0.048417028, -0.00116700074, -0.998826623, -0.0324150361, 0.999474466, 0.000403525832, 0.998301208, 0.0323965363, -0.0484294109),C1 = CFrame.new(1.52587891e-005, -0.49998045, 2.90870667e-005, -0.0484240092, -0.00117100019, -0.998826265, -0.0324009918, 0.999474883, 0.000399069104, 0.998301268, 0.0323822871, -0.0484365262),})
